=============================================
Delay versus positive VDIFF
columns: VDIFF tclk tout td Voutp4n Voutn4n Pavg
=============================================
500e-6 1.01E-09 1.46638E-09 4.56382E-10 3.3 1.97954E-09 0.00054106
1e-3 1.01E-09 1.43608E-09 4.26081E-10 3.3 1.97954E-09 0.000517022
1.611328125e-3 1.01E-09 1.41539E-09 4.05389E-10 3.3 1.97954E-09 0.000500531
3.22265625e-3 1.01E-09 1.38569E-09 3.75685E-10 3.3 1.97954E-09 0.000476683
5e-3 1.01E-09 1.36718E-09 3.57179E-10 3.3 1.97954E-09 0.000461676
10e-3 1.01E-09 1.3387E-09 3.28697E-10 3.3 1.97954E-09 0.000438252
20e-3 1.01E-09 1.31143E-09 3.01427E-10 3.3 1.97954E-09 0.000415321
50e-3 1.01E-09 1.27797E-09 2.67972E-10 3.3 1.97954E-09 0.000386349
