=============================================
VCM sweep at VDIFF = +0.5 LSB
columns: VCM Voutp4n Voutn4n Vod4n td Pavg
=============================================
0.8 3.3 2.01281E-05 3.29998 1.6824E-09 0.00046526
1.0 3.3 1.97954E-09 3.3 7.73947E-10 0.000452277
1.2 3.3 1.97954E-09 3.3 5.25694E-10 0.000468379
1.4 3.3 1.97954E-09 3.3 4.39694E-10 0.000480178
1.65 3.3 1.97954E-09 3.3 4.05389E-10 0.000500531
1.8 3.3 1.97954E-09 3.3 3.98368E-10 0.000513379
2.0 3.3 1.97954E-09 3.3 3.95838E-10 0.000530338
2.2 3.3 1.97954E-09 3.3 3.97244E-10 0.000546804
2.4 3.3 1.97954E-09 3.3 4.00507E-10 0.000562571
