=============================================
10-bit SAR LSB decision sweep
VREF = 3.3 V LSB = 3.22265625 mV 0.5LSB = 1.611328125 mV
columns: VDIFF Voutp Voutn Vod X Y P Q net1 net2 net3 Pavg
=============================================
-10e-3 1.97955E-09 3.3 -3.3 9.56495E-09 3.3 5.60585E-09 3.34537E-09 2.02725E-09 3.3 3.1749E-09 0.000438252
-5e-3 1.97954E-09 3.3 -3.3 9.5719E-09 3.3 5.61281E-09 3.34279E-09 2.02725E-09 3.3 3.1749E-09 0.000461676
-3.22265625e-3 1.97955E-09 3.3 -3.3 9.57439E-09 3.3 5.61529E-09 3.34187E-09 2.02726E-09 3.3 3.17489E-09 0.000476683
-1.611328125e-3 1.97954E-09 3.3 -3.3 9.57664E-09 3.3 5.61755E-09 3.34105E-09 2.02726E-09 3.3 3.1749E-09 0.000500531
-1e-3 1.97955E-09 3.3 -3.3 9.57749E-09 3.3 5.6184E-09 3.34073E-09 2.02725E-09 3.3 3.17489E-09 0.000517022
-500e-6 1.97954E-09 3.3 -3.3 9.57819E-09 3.3 5.6191E-09 3.34047E-09 2.02725E-09 3.3 3.1749E-09 0.00054106
500e-6 3.3 1.97954E-09 3.3 3.3 9.5782E-09 3.34047E-09 5.6191E-09 2.02725E-09 3.1749E-09 3.3 0.00054106
1e-3 3.3 1.97954E-09 3.3 3.3 9.57749E-09 3.34073E-09 5.6184E-09 2.02725E-09 3.17489E-09 3.3 0.000517022
1.611328125e-3 3.3 1.97954E-09 3.3 3.3 9.57663E-09 3.34104E-09 5.61754E-09 2.02725E-09 3.1749E-09 3.3 0.000500531
3.22265625e-3 3.3 1.97954E-09 3.3 3.3 9.57438E-09 3.34187E-09 5.61529E-09 2.02725E-09 3.1749E-09 3.3 0.000476683
5e-3 3.3 1.97954E-09 3.3 3.3 9.57191E-09 3.34279E-09 5.61281E-09 2.02726E-09 3.1749E-09 3.3 0.000461676
10e-3 3.3 1.97954E-09 3.3 3.3 9.56495E-09 3.34537E-09 5.60586E-09 2.02726E-09 3.1749E-09 3.3 0.000438252
